{
 "version": 1,
 "built": "2026-06-10",
 "source": "data/phase9_empirical/raw/timeseries_csv.csv (ANES CDF)",
 "generator": "scripts/build_issue_loadings.py",
 "wave": 1986,
 "wave_caveat": "1980 lacks VCF0839/0852/0853 entirely; 1986 is the earliest wave with all 7 items and stands in for the ~1980 baseline (user-approved at MHV S1; see methods.md)",
 "recode": "(raw-lo)/(hi-lo)*2-1 -> [-1,1], reversed where flagged; identical to anes_2d_compass.py / recode_log.csv",
 "party_var": "VCF0301 (1-3 D incl. leaners, 4 I, 5-7 R)",
 "weight_var": "VCF0009z",
 "items": [
  {
   "var": "VCF0803",
   "block": "econ",
   "label": "lib-cons 7-pt self-placement",
   "lo": 1,
   "hi": 7,
   "miss": [
    0,
    9
   ],
   "reverse": false
  },
  {
   "var": "VCF0809",
   "block": "econ",
   "label": "guaranteed jobs/income",
   "lo": 1,
   "hi": 7,
   "miss": [
    0,
    9
   ],
   "reverse": false
  },
  {
   "var": "VCF0839",
   "block": "econ",
   "label": "services-spending REVERSED",
   "lo": 1,
   "hi": 7,
   "miss": [
    0,
    9
   ],
   "reverse": true
  },
  {
   "var": "VCF0838",
   "block": "cultural_moral",
   "label": "abortion 4-pt REVERSED",
   "lo": 1,
   "hi": 4,
   "miss": [
    0,
    9
   ],
   "reverse": true
  },
  {
   "var": "VCF0852",
   "block": "cultural_moral",
   "label": "adjust moral views to changes",
   "lo": 1,
   "hi": 5,
   "miss": [
    8,
    9
   ],
   "reverse": false
  },
  {
   "var": "VCF0853",
   "block": "cultural_moral",
   "label": "more emphasis on traditional values REVERSED",
   "lo": 1,
   "hi": 5,
   "miss": [
    8,
    9
   ],
   "reverse": true
  },
  {
   "var": "VCF0830",
   "block": "racial",
   "label": "aid to blacks",
   "lo": 1,
   "hi": 7,
   "miss": [
    0,
    9
   ],
   "reverse": false
  }
 ],
 "blocks": {
  "econ": [
   0,
   1,
   2
  ],
  "cultural_moral": [
   3,
   4,
   5
  ],
  "racial": [
   6
  ]
 },
 "compass_readout": {
  "x": "mean of econ block items",
  "y": "mean of cultural_moral + racial block items (= the empirical pipeline's cultural core, incl. VCF0830)",
  "x_idx": [
   0,
   1,
   2
  ],
  "y_idx": [
   3,
   4,
   5,
   6
  ]
 },
 "corr_1986_raw": [
  [
   1.0,
   0.24482,
   0.25,
   0.1879,
   0.18444,
   0.24771,
   0.25191
  ],
  [
   0.24482,
   1.0,
   0.27219,
   -0.03932,
   0.06816,
   0.0925,
   0.35857
  ],
  [
   0.25,
   0.27219,
   1.0,
   0.01231,
   0.09423,
   0.06961,
   0.21409
  ],
  [
   0.1879,
   -0.03932,
   0.01231,
   1.0,
   0.17637,
   0.1996,
   -0.00217
  ],
  [
   0.18444,
   0.06816,
   0.09423,
   0.17637,
   1.0,
   0.2305,
   0.07184
  ],
  [
   0.24771,
   0.0925,
   0.06961,
   0.1996,
   0.2305,
   1.0,
   0.10893
  ],
  [
   0.25191,
   0.35857,
   0.21409,
   -0.00217,
   0.07184,
   0.10893,
   1.0
  ]
 ],
 "corr_1986_psd": [
  [
   1.0,
   0.24482,
   0.25,
   0.1879,
   0.18444,
   0.24771,
   0.25191
  ],
  [
   0.24482,
   1.0,
   0.27219,
   -0.03932,
   0.06816,
   0.0925,
   0.35857
  ],
  [
   0.25,
   0.27219,
   1.0,
   0.01231,
   0.09423,
   0.06961,
   0.21409
  ],
  [
   0.1879,
   -0.03932,
   0.01231,
   1.0,
   0.17637,
   0.1996,
   -0.00217
  ],
  [
   0.18444,
   0.06816,
   0.09423,
   0.17637,
   1.0,
   0.2305,
   0.07184
  ],
  [
   0.24771,
   0.0925,
   0.06961,
   0.1996,
   0.2305,
   1.0,
   0.10893
  ],
  [
   0.25191,
   0.35857,
   0.21409,
   -0.00217,
   0.07184,
   0.10893,
   1.0
  ]
 ],
 "n_pairwise_min": 786,
 "n_rows_wave": 2176,
 "party_conditional": {
  "dem": {
   "item_means": [
    -0.0538,
    0.02515,
    -0.28469,
    -0.2284,
    -0.00328,
    0.59535,
    0.02738
   ],
   "item_sds": [
    0.41096,
    0.63633,
    0.51509,
    0.74098,
    0.68576,
    0.50576,
    0.5826
   ],
   "n": 1088
  },
  "rep": {
   "item_means": [
    0.26235,
    0.37047,
    0.05904,
    -0.25055,
    0.14733,
    0.65325,
    0.24504
   ],
   "item_sds": [
    0.37784,
    0.54097,
    0.51365,
    0.68975,
    0.67874,
    0.45856,
    0.49126
   ],
   "n": 775
  },
  "ind": {
   "item_means": [
    0.09576,
    0.11559,
    -0.17323,
    -0.15789,
    -0.00341,
    0.52604,
    0.19685
   ],
   "item_sds": [
    0.35995,
    0.63365,
    0.52221,
    0.7609,
    0.66737,
    0.50192,
    0.55942
   ],
   "n": 294
  }
 },
 "pooled": {
  "item_means": [
   0.08736,
   0.1556,
   -0.14317,
   -0.22421,
   0.04988,
   0.60786,
   0.12923
  ],
  "item_sds": [
   0.4214,
   0.62622,
   0.54149,
   0.72716,
   0.68523,
   0.4912,
   0.55823
  ],
  "n": 2176
 }
}